1510 0 0.249728
1509 0 0.301926
1508 4 0.40687
1507 1 0.320125
1506 6 0.522065
1505 2 0.485568
1504 2 0.620336
1503 6 0.579614
1502 4 0.776507
1501 6 0.589475
1410 4 0.25225
1409 2 0.304976
1408 2 0.305743
1407 6 0.378699
1406 4 0.516521
1405 1 0.410889
1404 2 0.599783
1403 1 0.592283
1402 0 0.784955
1401 4 0.789501
1310 4 0.256442
1309 2 0.283669
1308 1 0.355571
1307 4 0.371212
1306 4 0.334077
1305 2 0.450553
1304 6 0.569117
1303 4 0.744521
1302 2 0.792884
1301 6 0.580026
1210 0 0.257577
1209 4 0.345377
1208 2 0.393878
1207 2 0.420264
1206 0 0.503821
1205 4 0.435429
1204 0 0.634846
1203 0 0.575183
1202 4 0.774428
1201 2 0.867799
1110 4 0.260179
1109 6 0.380022
1108 0 0.419126
1107 4 0.503554
1106 6 0.50891
1105 6 0.476353
1104 0 0.641259
1103 2 0.580993
1102 4 0.774304
1101 0 0.588996
1010 4 0.273553
1009 2 0.340387
1008 4 0.42336
1007 1 0.340469
1006 1 0.354876
1005 6 0.552327
1004 4 0.647736
1003 0 0.749736
1002 4 0.764665
1001 6 0.594946
0910 1 0.173075
0909 6 0.314333
0908 6 0.267067
0907 6 0.438281
0906 6 0.413759
0905 6 0.551973
0904 4 0.650342
0903 4 0.75731
0902 0 0.366574
0901 0 0.898912
0810 6 0.258386
0809 4 0.31042
0808 4 0.361194
0807 4 0.418732
0806 2 0.423793
0805 2 0.499503
0804 0 0.551696
0803 6 0.579789
0802 0 0.370277
0801 2 0.907992
0710 6 0.157853
0709 0 0.102746
0708 6 0.196915
0707 6 0.311238
0706 2 0.333252
0705 2 0.467078
0704 1 0.557269
0703 2 0.595784
0702 0 0.374017
0701 4 0.789958
0610 4 0.300965
0609 4 0.289398
0608 4 0.337526
0607 1 0.0755
0606 1 0.394384
0605 0 0.517728
0604 4 0.683738
0603 4 0.726309
0602 2 0.810199
0601 4 0.789756
0510 0 0.027844
0509 0 0.248389
0508 0 0.174463
0507 2 0.098667
0506 2 0.482403
0505 4 0.522958
0504 1 0.461187
0503 1 0.447201
0502 2 0.806558
0501 6 0.590242
0410 1 0.028125
0409 6 0.250897
0408 1 0.176225
0407 1 0.129048
0406 4 0.50433
0405 0 0.122512
0404 2 0.588055
0403 0 0.69097
0402 2 0.797621
0401 1 0.804841
0310 0 0.0
0309 6 0.2115
0308 2 0.210625
0307 6 0.3396
0306 4 0.43225
0305 1 0.12375
0304 4 0.6475
0303 0 0.69795
0302 2 0.777656
0301 0 0.539055
0210 0 0.0
0209 4 0.0
0208 6 0.125
0207 2 0.0
0206 6 0.315
0205 0 0.0
0204 6 0.575
0203 4 0.705
0202 4 0.74375
0201 0 0.5445
0110 1 0.0
0109 4 0.0
0108 6 0.0
0107 4 0.0
0106 6 0.3
0105 1 0.0
0104 4 0.5
0103 6 0.55
0102 0 0.0
0101 6 0.55
