1530 4 0.051758
1529 4 0.060899
1528 4 0.064495
1527 4 0.075515
1526 4 0.079724
1525 4 0.093569
1524 4 0.098354
1523 4 0.113824
1522 4 0.120974
1521 4 0.13872
1520 4 0.147299
1519 4 0.166282
1518 4 0.180569
1517 4 0.200615
1516 4 0.217286
1515 4 0.238392
1514 4 0.265845
1513 4 0.286562
1512 4 0.340751
1511 4 0.355275
1510 4 0.409203
1509 4 0.422288
1508 4 0.505189
1507 4 0.524381
1506 4 0.596283
1505 4 0.639052
1504 0 0.724194
1503 4 0.765138
1502 0 0.847254
1501 1 0.953657
1430 4 0.048678
1429 4 0.056574
1428 4 0.06098
1427 4 0.071116
1426 4 0.075717
1425 4 0.089535
1424 4 0.094265
1423 4 0.110352
1422 4 0.116222
1421 4 0.136289
1420 4 0.143099
1419 4 0.164734
1418 4 0.175793
1417 4 0.200294
1416 4 0.213159
1415 4 0.238863
1414 4 0.261533
1413 4 0.288107
1412 4 0.313029
1411 4 0.341042
1410 4 0.384098
1409 4 0.410657
1408 4 0.502713
1407 4 0.516686
1406 4 0.59519
1405 4 0.608416
1404 0 0.731509
1403 4 0.76066
1402 2 0.855812
1401 1 0.930677
1330 1 0.044424
1329 1 0.050517
1328 1 0.055814
1327 1 0.064198
1326 1 0.070132
1325 1 0.081951
1324 1 0.087828
1323 1 0.102492
1322 1 0.108667
1321 1 0.129044
1320 1 0.135439
1319 1 0.157979
1318 1 0.166518
1317 1 0.195098
1316 1 0.204754
1315 1 0.234326
1314 1 0.251584
1313 1 0.285299
1312 1 0.303453
1311 1 0.338369
1310 1 0.374025
1309 1 0.409456
1308 1 0.443988
1307 1 0.482083
1306 1 0.54907
1305 1 0.583439
1304 4 0.738898
1303 4 0.748685
1302 2 0.857046
1301 2 0.870204
1230 4 0.050041
1229 4 0.055737
1228 4 0.063474
1227 4 0.069585
1226 4 0.08023
1225 4 0.086918
1224 4 0.102523
1223 4 0.108893
1222 4 0.127595
1221 4 0.134073
1220 4 0.159921
1219 4 0.166918
1218 4 0.194607
1217 4 0.204971
1216 4 0.238614
1215 4 0.250731
1214 4 0.285204
1213 4 0.308349
1212 4 0.345372
1211 4 0.369362
1210 4 0.40862
1209 4 0.45589
1208 4 0.493157
1207 4 0.538795
1206 4 0.580231
1205 4 0.666261
1204 0 0.701603
1203 2 0.780833
1202 0 0.82176
1201 1 0.966965
1130 6 0.045165
1129 4 0.051416
1128 4 0.058249
1127 4 0.065236
1126 4 0.074822
1125 4 0.082738
1124 4 0.094282
1123 4 0.102573
1122 4 0.118662
1121 4 0.12767
1120 4 0.152189
1119 4 0.160253
1118 4 0.188082
1117 4 0.19619
1116 4 0.235114
1115 4 0.24445
1114 4 0.283646
1113 4 0.299481
1112 4 0.346524
1111 4 0.364657
1110 4 0.411292
1109 4 0.44929
1108 4 0.497678
1107 4 0.533396
1106 4 0.585871
1105 4 0.662275
1104 0 0.70869
1103 2 0.775303
1102 0 0.83006
1101 1 0.965697
1030 6 0.040407
1029 4 0.046264
1028 6 0.052516
1027 4 0.059703
1026 4 0.067897
1025 4 0.076934
1024 4 0.087236
1023 4 0.096918
1022 4 0.111593
1021 4 0.12248
1020 4 0.139583
1019 4 0.150716
1018 4 0.17501
1017 4 0.187028
1016 4 0.226044
1015 4 0.235856
1014 4 0.276738
1013 4 0.286593
1012 4 0.34479
1011 4 0.357649
1010 4 0.411911
1009 4 0.437317
1008 4 0.501557
1007 4 0.529089
1006 4 0.591198
1005 4 0.654534
1004 0 0.715849
1003 4 0.767919
1002 0 0.838445
1001 1 0.96236
0930 6 0.035098
0929 6 0.041158
0928 6 0.046375
0927 6 0.053579
0926 6 0.060389
0925 4 0.069685
0924 4 0.078517
0923 4 0.08928
0922 4 0.101894
0921 4 0.114698
0920 4 0.130152
0919 4 0.143434
0918 4 0.165897
0917 4 0.180723
0916 4 0.205839
0915 4 0.220564
0914 4 0.257215
0913 4 0.273102
0912 4 0.336102
0911 4 0.347298
0910 4 0.406107
0909 4 0.417686
0908 4 0.503659
0907 4 0.522464
0906 4 0.595494
0905 4 0.63826
0904 0 0.723079
0903 4 0.765004
0902 0 0.846914
0901 1 0.95358
0830 6 0.027964
0829 6 0.034408
0828 6 0.038522
0827 4 0.046258
0826 4 0.051745
0825 4 0.061505
0824 4 0.069213
0823 4 0.080204
0822 4 0.090485
0821 4 0.10405
0820 4 0.117268
0819 4 0.132467
0818 4 0.151824
0817 4 0.169907
0816 4 0.192886
0815 4 0.210734
0814 4 0.245048
0813 4 0.265036
0812 4 0.301167
0811 4 0.320313
0810 4 0.375533
0809 4 0.39658
0808 4 0.499763
0807 4 0.5113
0806 4 0.593123
0805 4 0.606183
0804 0 0.730383
0803 4 0.760318
0802 2 0.855469
0801 1 0.930473
0730 1 0.015989
0729 1 0.024469
0728 1 0.026518
0727 1 0.03652
0726 1 0.040424
0725 1 0.05066
0724 1 0.056861
0723 1 0.068397
0722 1 0.076603
0721 1 0.090213
0720 1 0.101619
0719 1 0.116966
0718 1 0.132088
0717 1 0.15138
0716 1 0.170623
0715 1 0.191599
0714 1 0.220839
0713 1 0.246459
0712 1 0.278916
0711 1 0.302148
0710 1 0.354079
0709 1 0.381585
0708 1 0.430301
0707 1 0.455701
0706 1 0.539404
0705 1 0.567888
0704 4 0.737761
0703 4 0.747297
0702 2 0.855578
0701 2 0.869666
0630 6 0.023878
0629 6 0.026072
0628 6 0.0378
0627 6 0.041022
0626 6 0.053541
0625 6 0.05931
0624 6 0.07101
0623 6 0.080223
0622 6 0.092027
0621 6 0.103879
0620 6 0.118339
0619 6 0.133502
0618 6 0.150865
0617 6 0.170764
0616 4 0.192378
0615 6 0.217511
0614 4 0.240898
0613 4 0.279244
0612 4 0.30894
0611 4 0.350192
0610 4 0.374369
0609 4 0.441059
0608 4 0.469958
0607 4 0.529148
0606 4 0.557729
0605 4 0.661374
0604 4 0.690199
0603 2 0.774384
0602 2 0.810228
0601 1 0.966434
0530 6 0.00243
0529 6 0.00243
0528 6 0.012555
0527 6 0.013365
0526 6 0.030847
0525 6 0.033952
0524 6 0.053482
0523 6 0.058207
0522 6 0.079339
0521 6 0.086006
0520 6 0.107213
0519 6 0.120371
0518 6 0.138441
0517 6 0.1574
0516 6 0.178165
0515 6 0.200763
0514 6 0.228124
0513 6 0.257643
0512 4 0.289707
0511 4 0.328277
0510 4 0.356881
0509 4 0.418011
0508 4 0.459202
0507 4 0.51829
0506 4 0.547373
0505 4 0.651384
0504 4 0.687009
0503 4 0.767055
0502 2 0.806703
0501 1 0.964299
0430 0 0.0
0429 0 0.0
0428 0 0.0
0427 0 0.0
0426 0 0.0
0425 0 0.0
0424 6 0.0081
0423 6 0.0081
0422 6 0.0351
0421 6 0.0378
0420 6 0.073575
0419 6 0.081675
0418 6 0.115612
0417 6 0.124612
0416 6 0.162269
0415 6 0.176544
0414 6 0.209891
0413 6 0.240503
0412 6 0.267292
0411 6 0.303478
0410 6 0.344095
0409 6 0.386887
0408 4 0.438687
0407 4 0.496321
0406 4 0.527022
0405 4 0.628028
0404 4 0.679825
0403 4 0.761973
0402 2 0.798346
0401 1 0.958682
0330 0 0.0
0329 0 0.0
0328 0 0.0
0327 0 0.0
0326 0 0.0
0325 0 0.0
0324 0 0.0
0323 0 0.0
0322 0 0.0
0321 0 0.0
0320 0 0.0
0319 0 0.0
0318 6 0.027
0317 6 0.027
0316 6 0.0945
0315 6 0.1035
0314 6 0.1665
0313 6 0.186
0312 6 0.242125
0311 6 0.255875
0310 6 0.323375
0309 6 0.358
0308 6 0.402406
0307 6 0.472344
0306 6 0.515281
0305 4 0.575328
0304 4 0.663687
0303 4 0.750516
0302 2 0.781281
0301 1 0.9439
0230 0 0.0
0229 0 0.0
0228 0 0.0
0227 0 0.0
0226 0 0.0
0225 0 0.0
0224 0 0.0
0223 0 0.0
0222 0 0.0
0221 0 0.0
0220 0 0.0
0219 0 0.0
0218 0 0.0
0217 0 0.0
0216 0 0.0
0215 0 0.0
0214 0 0.0
0213 0 0.0
0212 6 0.09
0211 6 0.09
0210 6 0.24
0209 6 0.27
0208 6 0.355
0207 6 0.395
0206 6 0.49625
0205 6 0.50875
0204 4 0.624375
0203 4 0.724375
0202 4 0.761875
0201 2 0.905
0130 0 0.0
0129 0 0.0
0128 0 0.0
0127 0 0.0
0126 0 0.0
0125 0 0.0
0124 0 0.0
0123 0 0.0
0122 0 0.0
0121 0 0.0
0120 0 0.0
0119 0 0.0
0118 0 0.0
0117 0 0.0
0116 0 0.0
0115 0 0.0
0114 0 0.0
0113 0 0.0
0112 0 0.0
0111 0 0.0
0110 0 0.0
0109 0 0.0
0108 0 0.0
0107 0 0.0
0106 6 0.3
0105 6 0.3
0104 6 0.55
0103 4 0.65
0102 4 0.725
0101 4 0.775
