1510 4 0.051758
1509 4 0.060899
1508 4 0.064495
1507 4 0.075515
1506 4 0.079724
1505 4 0.093569
1504 4 0.098354
1503 4 0.113824
1502 4 0.120974
1501 4 0.13872
1410 4 0.147299
1409 4 0.166282
1408 4 0.180569
1407 4 0.200615
1406 4 0.217286
1405 4 0.238392
1404 4 0.265845
1403 4 0.286562
1402 4 0.340751
1401 4 0.355275
1310 4 0.409203
1309 4 0.422288
1308 4 0.505189
1307 4 0.524381
1306 4 0.596283
1305 4 0.639052
1304 0 0.724194
1303 4 0.765138
1302 0 0.847254
1301 1 0.953657
1210 4 0.048678
1209 4 0.056574
1208 4 0.06098
1207 4 0.071116
1206 4 0.075717
1205 4 0.089535
1204 4 0.094265
1203 4 0.110352
1202 4 0.116222
1201 4 0.136289
1110 4 0.143099
1109 4 0.164734
1108 4 0.175793
1107 4 0.200294
1106 4 0.213159
1105 4 0.238863
1104 4 0.261533
1103 4 0.288107
1102 4 0.313029
1101 4 0.341042
1010 4 0.384098
1009 4 0.410657
1008 4 0.502713
1007 4 0.516686
1006 4 0.59519
1005 4 0.608416
1004 0 0.731509
1003 4 0.76066
1002 2 0.855812
1001 1 0.930677
0910 1 0.044424
0909 1 0.050517
0908 1 0.055814
0907 1 0.064198
0906 1 0.070132
0905 1 0.081951
0904 1 0.087828
0903 1 0.102492
0902 1 0.108667
0901 1 0.129044
0810 1 0.135439
0809 1 0.157979
0808 1 0.166518
0807 1 0.195098
0806 1 0.204754
0805 1 0.234326
0804 1 0.251584
0803 1 0.285299
0802 1 0.303453
0801 1 0.338369
0710 1 0.374025
0709 1 0.409456
0708 1 0.443988
0707 1 0.482083
0706 1 0.54907
0705 1 0.583439
0704 4 0.738898
0703 4 0.748685
0702 2 0.857046
0701 2 0.870204
0610 4 0.050041
0609 4 0.055737
0608 4 0.063474
0607 4 0.069585
0606 4 0.08023
0605 4 0.086918
0604 4 0.102523
0603 4 0.108893
0602 4 0.127595
0601 4 0.134073
0510 4 0.159921
0509 4 0.166918
0508 4 0.194607
0507 4 0.204971
0506 4 0.238614
0505 4 0.250731
0504 4 0.285204
0503 4 0.308349
0502 4 0.345372
0501 4 0.369362
0410 4 0.40862
0409 4 0.45589
0408 4 0.493157
0407 4 0.538795
0406 4 0.580231
0405 4 0.666261
0404 0 0.701603
0403 2 0.780833
0402 0 0.82176
0401 1 0.966965
0310 6 0.045165
0309 4 0.051416
0308 4 0.058249
0307 4 0.065236
0306 4 0.074822
0305 4 0.082738
0304 4 0.094282
0303 4 0.102573
0302 4 0.118662
0301 4 0.12767
0210 4 0.152189
0209 4 0.160253
0208 4 0.188082
0207 4 0.19619
0206 4 0.235114
0205 4 0.24445
0204 4 0.283646
0203 4 0.299481
0202 4 0.346524
0201 4 0.364657
0110 4 0.411292
0109 4 0.44929
0108 4 0.497678
0107 4 0.533396
0106 4 0.585871
0105 4 0.662275
0104 0 0.70869
0103 2 0.775303
0102 0 0.83006
0101 1 0.965697
