0.051758214690649604 3
0.06089935377790354 3
0.06449479809260034 3
0.07551515542256439 3
0.07972412499512066 3
0.0935690260776812 3
0.098353617265299 3
0.11382401673663436 3
0.12097376953529193 3
0.13872021343150032 3
0.1472986891530515 3
0.1662816741556672 3
0.18056928744623157 3
0.20061462082971307 3
0.21728640076926137 3
0.2383920318966719 3
0.2658450836180016 3
0.2865615732845101 3
0.34075074532780303 3
0.3552752012639216 3
0.40920333987528046 3
0.4222878699783362 3
0.5051887241426403 3
0.5243813492951143 3
0.5962830992172155 3
0.6390518377971648 3
0.7241936686136061 0
0.7651375316679021 3
0.8472539341549779 0
0.9536574293168159 1
0.048677738648196134 3
0.05657412347958735 3
0.0609796204924732 3
0.07111569149290173 3
0.07571651116852604 3
0.08953513116801906 3
0.09426468197005479 3
0.11035180757823004 3
0.11622223556061095 3
0.13628949155359416 3
0.14309914114687367 3
0.1647339975352767 3
0.1757928473902984 3
0.2002937116294023 3
0.21315863852840924 3
0.23886290161172413 3
0.26153255168897566 3
0.2881074187096667 3
0.31302872141077237 3
0.3410424858938801 3
0.3840983534977022 3
0.4106568007782097 3
0.5027134416362852 3
0.5166864750953878 3
0.5951895871073851 3
0.6084164153123184 3
0.7315087561753597 0
0.7606595246498042 3
0.8558120547019978 2
0.9306774455705682 1
0.04442375310036342 1
0.05051746038669898 1
0.055813946850054974 1
0.06419801842639139 1
0.07013241487841672 1
0.08195108911265404 1
0.08782767455886754 1
0.10249151937626076 1
0.10866721951904632 1
0.12904387261034056 1
0.13543888861885842 1
0.1579792200300281 1
0.16651801300056623 1
0.19509826534309144 1
0.20475355559232686 1
0.23432611513247836 1
0.2515836517215082 1
0.2852985693775393 1
0.3034529173759584 1
0.3383691175687726 1
0.3740251434434963 1
0.40945597306956805 1
0.44398844759462 1
0.4820832798091858 1
0.5490699107370064 1
0.5834389571468387 1
0.7388977335104644 3
0.7486854342468884 3
0.8570455087624336 2
0.8702038041330743 2
0.05004105004053868 3
0.055737146169677086 3
0.06347372244779884 3
0.0695850728158061 3
0.08022983411757814 3
0.08691784146172227 3
0.10252261804294938 3
0.10889288769406179 3
0.12759475823697158 3
0.1340733106694475 3
0.1599210075334225 3
0.16691823110238765 3
0.19460744655687104 3
0.20497056857661536 3
0.23861373516004455 3
0.25073050039695244 3
0.28520369010154406 3
0.30834905099195153 3
0.3453722955884025 3
0.3693621790110935 3
0.40861981838543554 3
0.4558902524244016 3
0.4931568811892971 3
0.5387948491291735 3
0.5802309329130636 3
0.666260743625977 3
0.7016031582534159 0
0.7808325017619457 2
0.8217598317960431 0
0.9669648314614526 1
0.04516543126140564 4
0.05141585476119254 3
0.05824938116496964 3
0.06523630212205503 3
0.07482216184922588 3
0.08273821277285907 3
0.09428179320297488 3
0.10257317043620055 3
0.1186615126300858 3
0.12766994568190387 3
0.1521892553151491 3
0.16025345856140943 3
0.18808162343986723 3
0.19618990208959644 3
0.23511353034772897 3
0.2444500564194061 3
0.2836459554065121 3
0.29948130793626065 3
0.3465243656151298 3
0.3646574089090012 3
0.4112922403805282 3
0.449289549690194 3
0.49767804475616617 3
0.5333963739761617 3
0.5858710225989665 3
0.6622746020520707 3
0.7086900588418342 0
0.775303004402021 2
0.8300604361576193 0
0.9656969248985595 1
0.04040713991638184 4
0.04626378710679932 3
0.05251602084279787 4
0.05970274079610901 3
0.0678971892822693 3
0.07693400823842923 3
0.08723592315006409 3
0.09691755951909946 3
0.11159275046342929 3
0.12248034913037333 3
0.1395834021176765 3
0.1507161927137306 3
0.1750101047861688 3
0.18702788922232014 3
0.22604394207442347 3
0.2358557898700832 3
0.2767376274978551 3
0.2865925026081349 3
0.3447903179227443 3
0.3576485484079771 3
0.4119109728315541 3
0.4373165168956103 3
0.5015566968643854 3
0.5290886878486182 3
0.5911975849110251 3
0.6545336970014963 3
0.715848544284681 0
0.7679187653960907 3
0.8384448850076962 0
0.9623603286804199 1
0.03509842001074218 4
0.041157678389648435 4
0.046374936703124994 4
0.05357878852001953 4
0.060388842339843755 4
0.06968545053845215 3
0.07851669443627932 3
0.08928017015350344 3
0.1018936679952393 3
0.11469774748681638 3
0.1301515143074341 3
0.1434337747444153 3
0.16589692589035035 3
0.18072281915441885 3
0.20583908800946046 3
0.22056409206092822 3
0.25721525903846754 3
0.2731018998172302 3
0.3361020419213513 3
0.3472979257475662 3
0.40610671357039585 3
0.41768643291982266 3
0.5036588637393675 3
0.5224637316812398 3
0.5954944090297597 3
0.6382601856328354 3
0.723079337661294 0
0.7650036145647544 3
0.8469140252602992 0
0.9535798123168945 1
0.027963944999999997 4
0.03440766609375 4
0.038522171718750005 4
0.046258018476562496 3
0.05174528337890625 3
0.06150469415039062 3
0.06921300638671875 3
0.08020373849121093 3
0.09048525506835937 3
0.1040498432446289 3
0.11726754801269533 3
0.13246742588378907 3
0.15182370075439458 3
0.1699073763757324 3
0.19288599310180665 3
0.21073379718017574 3
0.2450481776000977 3
0.26503607048034655 3
0.301167433657837 3
0.3203132175622557 3
0.37553306431457534 3
0.39658033245208735 3
0.49976279668395024 3
0.5112997574801633 3
0.5931233005339084 3
0.6061832618797302 3
0.7303831693548424 0
0.760317887407379 3
0.8554687123841407 2
0.9304731903076171 1
0.015989399999999997 1
0.024469087499999997 1
0.026517712500000002 1
0.03652036875 1
0.04042445625 1
0.050659912499999994 1
0.056861203125 1
0.06839744531249999 1
0.07660328437500001 1
0.09021307734375 1
0.10161864140625002 1
0.11696611640625001 1
0.13208777109374997 1
0.15138003808593753 1
0.17062309628906253 1
0.191599255078125 1
0.2208394538085938 1
0.2464592041992187 1
0.27891564169921873 1
0.3021481357910155 1
0.35407922028808597 1
0.38158470175781234 1
0.4303008219140625 1
0.45570110170898426 1
0.5394042611660157 1
0.5678876830810546 1
0.7377607771261034 3
0.7472968746520996 3
0.8555777740457031 2
0.8696662902832031 2
0.023878124999999997 4
0.026071874999999998 4
0.03779999999999999 4
0.041022 4
0.05354099999999999 4
0.059310375 4
0.07100968749999999 4
0.080222984375 4
0.09202669531249999 4
0.10387909375000001 4
0.11833923828125 4
0.13350219921875 4
0.15086530859375002 4
0.170763763671875 4
0.19237764453125003 3
0.21751051171875002 4
0.2408983291015625 3
0.2792435581054688 3
0.3089403696289062 3
0.35019219018554687 3
0.37436881982421866 3
0.4410591308593751 3
0.46995769824218736 3
0.5291477752929687 3
0.5577291142578125 3
0.6613738913476562 3
0.6901986142578125 3
0.7743837056054687 2
0.8102282163085938 2
0.9664336808 1
0.00243 4
0.00243 4
0.012555 4
0.013364999999999998 4
0.0308475 4
0.0339525 4
0.05348249999999999 4
0.058207499999999995 4
0.07933874999999999 4
0.08600625 4
0.10721312499999999 4
0.120370625 4
0.13844093749999997 4
0.15739984375 4
0.178165078125 4
0.20076273437500003 4
0.228124375 4
0.25764328125 4
0.28970722656250003 3
0.32827650390625 3
0.35688142578125 3
0.418010830078125 3
0.45920152343749987 3
0.518290283203125 3
0.5473726757812499 3
0.6513835917968751 3
0.6870093749999999 3
0.7670553472656251 3
0.80670291015625 2
0.9642991599999999 1
0.0 0
0.0 0
0.0 0
0.0 0
0.0 0
0.0 0
0.0081 4
0.0081 4
0.0351 4
0.0378 4
0.073575 4
0.081675 4
0.11561249999999998 4
0.12461249999999999 4
0.16226874999999996 4
0.17654375 4
0.20989062499999997 4
0.24050312499999998 4
0.26729218749999994 4
0.30347812500000004 4
0.3440953125 4
0.38688671875 4
0.43868671875000004 3
0.49632148437500007 3
0.527021875 3
0.628028125 3
0.6798249999999999 3
0.761973359375 3
0.79834609375 2
0.958682 1
0.0 0
0.0 0
0.0 0
0.0 0
0.0 0
0.0 0
0.0 0
0.0 0
0.0 0
0.0 0
0.0 0
0.0 0
0.027 4
0.027 4
0.0945 4
0.10350000000000001 4
0.16649999999999998 4
0.186 4
0.24212499999999998 4
0.255875 4
0.32337499999999997 4
0.358 4
0.40240624999999997 4
0.47234375 4
0.5152812499999999 4
0.5753281250000001 3
0.6636875 3
0.750515625 3
0.78128125 2
0.9439 1
0.0 0
0.0 0
0.0 0
0.0 0
0.0 0
0.0 0
0.0 0
0.0 0
0.0 0
0.0 0
0.0 0
0.0 0
0.0 0
0.0 0
0.0 0
0.0 0
0.0 0
0.0 0
0.09 4
0.09 4
0.24 4
0.27 4
0.355 4
0.395 4
0.49624999999999997 4
0.50875 4
0.624375 3
0.724375 3
0.761875 3
0.905 2
0.0 0
0.0 0
0.0 0
0.0 0
0.0 0
0.0 0
0.0 0
0.0 0
0.0 0
0.0 0
0.0 0
0.0 0
0.0 0
0.0 0
0.0 0
0.0 0
0.0 0
0.0 0
0.0 0
0.0 0
0.0 0
0.0 0
0.0 0
0.0 0
0.3 4
0.3 4
0.55 4
0.65 3
0.725 3
0.775 3
0.0 0
0.0 0
